00 00 00 00 00 00 00 08 00 00 07 00 00 05 04 00
00 00 04 00 00 02 16 00 01 05 00 11 09 12 00 00
00 08 00 07 05 00 15 11 09 04 16 00 02 00 00 00
05 00 12 16 01 09 00 00 00 13 00 00 00 00 00 06
15 00 10 00 00 00 02 00 00 00 05 00 00 00 16 03
00 07 00 00 00 00 00 10 06 15 08 00 00 09 02 00
01 00 13 00 14 00 00 00 10 07 00 09 00 08 00 05
08 06 00 00 00 00 01 00 14 00 00 03 13 04 00 10
13 00 16 06 15 00 00 09 00 11 00 00 00 00 01 02
03 00 08 00 12 00 06 01 00 00 00 07 00 16 00 13
00 05 01 00 00 14 08 07 16 00 00 00 00 00 12 00
07 04 00 00 00 11 00 00 00 09 00 00 00 14 00 08
16 00 00 00 00 00 12 00 00 00 06 01 15 02 00 09
00 00 00 01 00 08 10 06 12 16 00 13 04 00 03 00
00 00 11 08 02 00 09 15 00 03 04 00 00 13 00 00
00 03 06 00 00 16 00 00 05 00 00 00 00 00 00 00
