00 00 00 13 15 00 00 07 08 11 00 16 00 00 00 00
00 00 00 00 00 01 14 00 00 00 00 02 00 00 05 00
00 00 08 00 10 00 00 00 00 00 15 12 00 00 03 14
00 00 00 00 06 00 00 09 01 00 13 00 00 10 07 00
00 07 05 00 12 10 00 08 00 00 06 00 00 13 00 00
00 00 00 11 00 00 00 00 07 00 00 00 00 15 00 03
00 00 06 04 00 15 09 00 12 03 11 00 00 00 00 07
14 00 00 15 00 00 00 00 00 00 00 13 06 00 00 00
00 04 00 09 07 00 00 00 15 00 00 00 00 11 00 10
01 14 00 00 00 00 03 00 00 09 07 00 00 00 13 04
05 00 00 00 00 08 00 11 04 10 00 00 14 00 00 15
00 00 15 07 00 02 00 00 00 00 14 00 00 00 06 00
00 10 09 00 00 00 00 14 00 13 00 00 00 00 00 08
00 02 00 08 11 00 04 00 03 00 16 00 00 00 00 00
13 00 00 00 00 05 00 16 00 15 00 07 11 00 14 12
00 12 00 00 13 03 10 00 06 08 00 11 00 00 00 00
