02 00 00 00 00 00 00 16 00 06 00 00 00 00 00 05
00 10 08 00 00 00 00 00 00 00 00 00 00 13 15 00
00 01 12 05 00 00 00 00 00 00 00 00 10 04 08 00
13 00 15 09 06 00 00 00 00 00 01 12 07 02 00 00
00 00 00 08 12 11 00 00 00 00 03 02 09 00 00 00
16 00 00 00 15 13 10 00 00 08 06 04 00 00 00 00
00 00 13 00 00 04 01 06 07 12 05 00 00 00 00 00
00 00 00 00 14 02 16 03 10 15 09 00 00 00 00 00
15 00 00 16 10 00 00 00 00 00 04 05 00 00 00 07
00 11 00 07 00 00 15 00 00 10 00 06 04 00 05 01
12 00 05 01 00 03 14 00 00 16 02 00 13 08 00 10
00 13 06 00 00 00 00 04 14 00 00 00 02 15 09 00
03 00 07 11 00 16 00 00 00 00 15 00 08 05 00 04
00 00 00 13 00 00 05 08 03 11 00 00 14 00 00 00
00 00 00 04 11 00 00 00 00 00 00 16 15 00 00 00
00 00 00 00 13 10 06 15 05 04 08 01 00 00 00 00
