00 00 06 15 00 12 09 04 11 02 07 16 00 03 00 13
00 10 00 00 01 00 00 15 12 00 08 00 00 02 00 00
07 11 16 02 00 00 00 03 05 15 01 06 09 00 00 00
00 12 00 00 07 11 00 00 00 03 13 14 06 15 05 00
00 06 12 00 00 00 11 00 00 00 03 10 00 13 14 15
00 00 10 00 00 14 00 00 00 01 00 00 00 00 09 00
02 09 00 00 03 00 00 00 14 00 15 05 12 00 06 00
15 00 00 13 00 06 12 00 09 00 00 00 10 07 00 03
10 02 00 00 05 03 00 14 15 06 00 01 08 09 00 11
00 00 00 14 00 00 01 06 04 00 00 00 07 00 00 00
11 00 08 09 00 00 07 00 00 14 00 00 00 06 15 12
00 15 01 00 11 00 08 00 00 00 00 07 00 00 03 00
16 00 02 00 14 00 00 10 13 05 00 15 04 00 01 00
00 00 00 00 00 00 00 00 08 00 00 00 00 00 07 14
00 00 00 00 16 00 00 00 00 00 14 03 00 00 00 00
00 00 00 00 06 00 15 05 01 12 00 00 00 11 08 00
