03 00 00 07 00 00 00 08 00 00 12 04 01 05 00 00
14 02 00 00 00 15 03 00 08 00 00 00 00 16 00 00
16 00 06 10 00 00 00 12 00 00 11 00 00 00 13 15
00 00 00 09 00 00 00 07 00 15 13 10 00 00 00 00
00 00 00 00 10 03 05 11 02 00 07 16 00 00 15 00
00 07 01 03 00 00 00 00 00 00 15 00 08 00 00 00
00 00 14 00 00 00 01 00 00 09 03 00 07 00 04 11
00 00 00 00 00 04 00 14 11 00 00 00 16 00 00 05
15 00 00 00 00 01 00 02 00 00 00 00 00 00 00 07
00 04 00 12 00 00 00 00 07 13 00 00 09 00 00 00
00 00 02 08 00 00 12 03 00 00 06 11 00 15 00 13
09 00 00 00 11 00 08 04 00 00 10 00 00 01 14 00
00 09 00 00 00 00 02 06 05 00 00 00 03 13 08 00
12 00 00 16 00 00 13 00 00 00 00 00 00 00 00 00
00 05 00 15 00 00 00 00 00 00 00 12 00 00 00 06
00 06 07 14 05 12 00 00 04 16 00 00 00 00 10 00
