17 00 05 00 00 00 16 00 24 00 00 00 00 00 00 00 00 00 02 00 19 00 00 00 27 00 13 00 00 00 00 00 00 00 00 00
00 22 00 00 18 00 00 00 00 32 00 09 04 00 21 03 00 12 00 10 00 00 28 00 00 00 00 08 00 15 06 00 23 25 00 31
02 00 19 00 00 00 27 00 13 00 00 00 00 00 00 00 00 00 17 00 05 00 00 00 16 00 24 00 00 00 00 00 00 00 00 00
00 00 00 00 00 00 04 00 21 00 00 00 16 32 24 00 09 00 00 00 00 00 00 00 06 00 23 00 00 00 27 08 13 00 15 00
00 10 00 00 28 00 00 00 00 08 00 15 06 00 23 25 00 31 00 22 00 00 18 00 00 00 00 32 00 09 04 00 21 03 00 12
00 00 00 00 00 00 06 00 23 00 00 00 27 08 13 00 15 00 00 00 00 00 00 00 04 00 21 00 00 00 16 32 24 00 09 00
32 00 09 00 00 00 00 00 00 16 00 24 00 00 00 17 00 05 08 00 15 00 00 00 00 00 00 27 00 13 00 00 00 02 00 19
00 00 00 17 00 05 00 00 00 00 00 00 03 00 12 00 00 00 00 00 00 02 00 19 00 00 00 00 00 00 25 00 31 00 00 00
08 00 15 00 00 00 00 00 00 27 00 13 00 00 00 02 00 19 32 00 09 00 00 00 00 00 00 16 00 24 00 00 00 17 00 05
07 00 20 00 00 00 01 00 11 00 00 00 00 00 00 16 00 24 26 00 34 00 00 00 29 00 35 00 00 00 00 00 00 27 00 13
00 00 00 02 00 19 00 00 00 00 00 00 25 00 31 00 00 00 00 00 00 17 00 05 00 00 00 00 00 00 03 00 12 00 00 00
26 00 34 00 00 00 29 00 35 00 00 00 00 00 00 27 00 13 07 00 20 00 00 00 01 00 11 00 00 00 00 00 00 16 00 24
00 17 00 22 05 18 00 00 00 36 00 14 00 00 00 00 00 00 00 02 00 10 19 28 00 00 00 30 00 33 00 00 00 00 00 00
01 00 11 16 00 24 32 00 09 00 00 00 00 36 00 00 14 00 29 00 35 27 00 13 08 00 15 00 00 00 00 30 00 00 33 00
00 02 00 10 19 28 00 00 00 30 00 33 00 00 00 00 00 00 00 17 00 22 05 18 00 00 00 36 00 14 00 00 00 00 00 00
00 00 00 00 00 00 00 00 00 04 00 21 00 00 00 01 00 11 00 00 00 00 00 00 00 00 00 06 00 23 00 00 00 29 00 35
29 00 35 27 00 13 08 00 15 00 00 00 00 30 00 00 33 00 01 00 11 16 00 24 32 00 09 00 00 00 00 36 00 00 14 00
00 00 00 00 00 00 00 00 00 04 00 21 00 00 00 01 00 11 00 00 00 00 00 00 00 00 00 06 00 23 00 00 00 29 00 35
05 00 17 00 00 00 24 00 16 00 00 00 00 00 00 00 00 00 19 00 02 00 00 00 13 00 27 00 00 00 00 00 00 00 00 00
00 18 00 00 22 00 00 00 00 09 00 32 21 00 04 12 00 03 00 28 00 00 10 00 00 00 00 15 00 08 23 00 06 31 00 25
19 00 02 00 00 00 13 00 27 00 00 00 00 00 00 00 00 00 05 00 17 00 00 00 24 00 16 00 00 00 00 00 00 00 00 00
00 00 00 00 00 00 21 00 04 00 00 00 24 09 16 00 32 00 00 00 00 00 00 00 23 00 06 00 00 00 13 15 27 00 08 00
00 28 00 00 10 00 00 00 00 15 00 08 23 00 06 31 00 25 00 18 00 00 22 00 00 00 00 09 00 32 21 00 04 12 00 03
00 00 00 00 00 00 23 00 06 00 00 00 13 15 27 00 08 00 00 00 00 00 00 00 21 00 04 00 00 00 24 09 16 00 32 00
09 00 32 00 00 00 00 00 00 24 00 16 00 00 00 05 00 17 15 00 08 00 00 00 00 00 00 13 00 27 00 00 00 19 00 02
00 00 00 05 00 17 00 00 00 00 00 00 12 00 03 00 00 00 00 00 00 19 00 02 00 00 00 00 00 00 31 00 25 00 00 00
15 00 08 00 00 00 00 00 00 13 00 27 00 00 00 19 00 02 09 00 32 00 00 00 00 00 00 24 00 16 00 00 00 05 00 17
20 00 07 00 00 00 11 00 01 00 00 00 00 00 00 24 00 16 34 00 26 00 00 00 35 00 29 00 00 00 00 00 00 13 00 27
00 00 00 19 00 02 00 00 00 00 00 00 31 00 25 00 00 00 00 00 00 05 00 17 00 00 00 00 00 00 12 00 03 00 00 00
34 00 26 00 00 00 35 00 29 00 00 00 00 00 00 13 00 27 20 00 07 00 00 00 11 00 01 00 00 00 00 00 00 24 00 16
00 05 00 18 17 22 00 00 00 14 00 36 00 00 00 00 00 00 00 19 00 28 02 10 00 00 00 33 00 30 00 00 00 00 00 00
11 00 01 24 00 16 09 00 32 00 00 00 00 14 00 00 36 00 35 00 29 13 00 27 15 00 08 00 00 00 00 33 00 00 30 00
00 19 00 28 02 10 00 00 00 33 00 30 00 00 00 00 00 00 00 05 00 18 16 22 00 00 00 14 00 36 00 00 00 00 00 00
00 00 00 00 00 00 00 00 00 21 00 04 00 00 00 11 00 01 00 00 00 00 00 00 00 00 00 23 00 06 00 00 00 35 00 29
35 00 29 13 00 27 15 00 08 00 00 00 00 33 00 00 30 00 11 00 01 24 00 16 09 00 32 00 00 00 00 14 00 00 36 00
00 00 00 00 00 00 00 00 00 23 00 06 00 00 00 35 00 29 00 00 00 00 00 00 00 00 00 00 00 04 00 00 00 11 00 01

